10.8113,-0.2227
11.2387,-0.0119
9.6283,-0.2387
11.1328,-0.0699
10.0914,-0.1452
10.3815,0.0569
10.6849,-0.5141
9.6746,-0.3325
10.2141,-0.3736
8.6513,0.1827
10.0519,-0.3337
10.1554,-0.4836
10.4225,-0.2811
10.5802,0.0695
9.4037,-0.5731
11.5311,-0.4959
10.6570,0.1138
10.1919,-0.2331
9.2843,-0.8607
9.1703,-0.6652
10.6894,-0.4638
10.3764,0.1018
10.4016,-0.2471
11.8141,-0.4972
9.7928,-0.4098
11.2096,0.0512
10.8498,-0.7503
10.3073,-0.2395
10.5499,-0.1938
10.7680,0.0412
10.3760,-0.0344
10.1268,-0.3458
9.4970,-0.3621
9.9675,-0.5487
10.4253,-0.0937
9.1553,-0.4927
11.5292,-0.0381
10.1809,-0.6576
10.8958,0.2122
10.8046,-0.5512
11.0163,0.0234
10.4712,-0.5406
10.5511,-0.2855
11.2905,-0.6863
10.2604,-0.1702
11.3988,-0.2307
10.0034,-0.2288
11.7207,-0.4890
9.6589,-0.4445
10.5444,-0.1311
11.6715,-0.1483
11.5623,-0.5115
11.0310,-0.2317
11.4859,-0.4568
11.5318,-0.3173
10.4300,-0.2717
11.7034,-0.4153
10.9784,-0.5384
10.6188,-0.4616
9.8881,-0.2284
12.6641,-0.4703
10.3445,0.0017
11.3533,-0.1870
10.6308,-0.2215
11.0552,0.3458
9.5093,-0.2366
10.1005,-0.1252
11.2732,-0.3974
12.3857,-0.5209
9.6155,-0.5706
11.8962,-0.2164
11.2498,-0.6023
12.4995,-0.2039
11.0823,-0.0016
11.7118,-0.6701
11.5089,0.3888
11.7408,-0.1806
10.8810,-0.0470
12.1995,-0.3410
9.3041,-0.0955
11.3687,0.0174
11.8421,-0.7774
10.8648,-0.3903
11.0435,-0.3379
11.2918,0.0129
11.1690,-0.3878
10.6965,-0.2307
10.5802,-0.0456
11.5578,-0.1351
11.3732,-0.2917
11.1956,-0.3245
9.9873,-0.2436
11.8659,-0.6069
11.3129,-0.7070
11.1667,-0.0684
11.4468,-0.6203
12.6031,-0.1035
12.6399,-0.6313
11.5483,0.0663
12.6171,-0.0968
11.7708,-0.2609
10.6703,-0.2518
12.6629,-0.0707
11.3479,-0.4698
11.7730,-0.2091
11.1904,-0.5810
12.6556,-0.7981
11.4202,-0.3383
11.8564,-0.0852
12.1796,-0.1016
12.5334,-0.1668
10.9758,-0.2796
11.0558,-0.1817
12.0271,-0.0854
10.6316,-0.2678
11.3242,-0.5367
10.7905,-0.2324
11.8456,-0.7234
11.3798,-0.6791
11.6838,-0.0029
12.7213,-0.0857
12.3743,0.2160
12.4426,-0.1844
12.5373,-0.4981
12.2550,-0.1427
12.7588,0.2092
11.5205,0.0413
12.5385,-0.2329
12.2680,-0.4242
12.6969,-0.1432
11.9195,-0.3205
11.2664,-0.1377
12.0880,-0.6423
11.6957,-0.3385
12.3182,-0.1832
12.2075,0.3310
13.2319,-0.3478
13.6456,-0.3054
13.1123,0.1169
11.9317,-0.6065
12.2433,-0.2849
12.4177,-0.0562
13.6639,-0.4817
12.6199,-0.4674
12.1278,-0.3036
11.5727,0.2666
10.5891,-0.5953
11.8756,-0.2906
11.2142,-0.4834
12.5248,-0.3201
11.9991,-0.2805
11.8532,-0.3486
11.9377,-0.5388
11.6344,-0.1622
12.9254,-0.3145
12.0799,0.1886
11.4805,-0.0689
11.9793,-0.3211
12.9895,-0.0042
13.4918,-0.5634
11.8732,-0.2544
11.5146,-0.5274
12.9563,0.2127
13.0344,-0.0919
13.0393,-0.3442
13.7160,0.3611
14.5097,0.0408
12.2979,-0.5925
12.2212,-0.0080
11.8427,-0.1867
12.9211,-0.1658
12.5546,-0.6305
13.6588,-0.2028
11.2070,-0.1086
12.7761,-0.5403
13.3068,-0.3701
12.1404,0.4167
11.6948,0.1145
11.4238,-0.1098
13.7467,-0.1449
11.9423,-0.3278
13.2866,0.6439
12.7114,-0.0467
12.8404,0.0282
12.8313,-0.2640
14.2566,-0.7374
12.5947,-0.0510
12.9253,-0.0537
13.6447,-0.3593
13.0497,0.3114
13.3592,-0.0497
13.5729,0.1947
13.1431,0.0142
12.7057,0.1292
12.8879,-0.4829
13.1015,-0.2853
13.0654,0.3534
12.5873,-0.1376
12.3101,-0.2429
14.0907,-0.2352
12.6040,-0.5395
12.7378,0.1224
13.2069,-0.0777
12.5579,-0.0483
14.2018,0.1065
13.7228,-0.0994
13.7432,-0.3286
14.8310,-0.2862
13.8880,-0.0024
12.9430,0.0039
12.9096,-0.0550
14.6121,0.1631
13.7490,0.0018
14.3618,-0.2057
13.2133,0.1424
12.8974,-0.5435
13.9312,-0.2972
12.9431,0.2237
11.7407,-0.1850
13.8575,0.1671
13.6031,-0.3166
13.5878,-0.4036
12.6675,0.0466
13.4793,-0.3043
14.5991,-0.3369
12.8557,0.2263
13.2357,-0.0704
12.4096,-0.8107
13.5719,-0.0960
13.4559,0.4732
13.8612,-0.3129
13.5505,0.1093
13.3459,0.1329
13.9863,0.0084
13.3251,0.0813
14.1839,0.1588
14.4785,-0.0745
13.9500,0.1627
14.2522,-0.3096
13.8157,-0.1164
13.7133,-0.0593
12.1245,0.1339
14.0414,0.0819
13.9276,0.1123
12.5716,0.0499
14.9845,0.0077
14.9053,-0.1421
12.2014,0.4211
13.1703,0.2082
13.5689,-0.2283
13.8150,-0.4285
14.6811,-0.7997
14.2770,-0.2278
14.8571,-0.2472
13.5131,-0.1421
13.8636,-0.0912
13.1516,-0.0305
13.0170,0.0225
14.2848,0.0842
12.6396,-0.1199
12.5073,-0.1708
14.3323,0.0988
15.1610,0.0428
12.6815,0.4581
14.5140,0.0455
15.5742,-0.0601
14.8998,0.1654
13.6159,0.1269
13.9374,0.0934
14.5691,0.0080
14.3320,0.7769
13.1327,0.4494
13.8762,0.1588
13.5411,0.3034
14.3637,-0.1112
13.5048,0.3526
14.0560,0.0005
15.2995,0.0729
14.0152,0.6175
14.8835,0.2724
13.6479,0.3007
15.6960,0.3952
14.9632,0.0907
15.0163,0.0919
14.4379,0.0548
15.3550,-0.0307
14.2523,-0.4090
13.8061,0.2596
14.2978,0.2171
13.7909,-0.4005
14.3152,0.0292
16.0344,0.0236
15.7824,-0.3138
13.7464,0.2663
15.6640,-0.0877
14.9029,-0.0458
14.8731,0.1117
16.4755,0.2926
16.0795,0.1726
16.2533,0.4389
15.6109,-0.1340
13.7070,0.4038
14.7055,0.3571
14.5555,0.0031
14.5087,-0.3103
15.0643,-0.0197
15.3006,-0.1815
15.4781,0.1100
13.8516,0.1224
14.7643,0.1045
13.6082,-0.0175
15.1925,0.1061
14.8990,0.2193
14.0715,0.1693
13.6125,0.2579
15.2887,-0.2949
13.6004,0.7790
14.2967,-0.1280
15.1416,0.1425
14.0938,0.1989
13.4864,0.3623
15.4207,0.1718
16.1881,0.4441
15.3380,-0.0699
14.4520,0.4405
14.8952,0.2773
14.8805,-0.1206
14.9251,0.1033
16.1741,0.5526
15.9645,0.1744
16.6202,0.1553
16.1256,0.3739
15.9394,0.3043
15.6272,-0.0838
15.1159,-0.3569
15.3520,0.1883
14.9523,0.4747
15.6465,0.3226
16.8043,0.3664
14.7957,0.5958
15.8935,0.2356
15.3757,-0.0842
15.1661,0.2339
14.6214,0.5199
14.9183,0.4683
15.1238,0.8400
15.0843,0.1817
15.0877,0.7888
17.0602,0.2580
15.6603,0.7121
16.8268,0.1577
15.8953,0.8870
16.8358,0.4295
15.1967,0.1756
15.1376,0.2127
15.7831,-0.0559
16.7279,0.5818
16.7680,0.4785
13.6932,0.4932
15.2598,0.4845
16.5747,0.4574
15.1487,0.4241
16.7681,0.7697
16.2875,0.7618
14.7875,0.1702
14.8467,0.2969
16.1797,0.0724
15.6079,0.3417
15.4943,0.4583
16.1461,0.6160
17.0397,0.1933
15.7707,0.0807
15.7054,0.2674
14.7348,0.1737
16.7487,-0.0199
15.9158,0.3422
15.1298,0.1785
15.9303,0.2835
16.3267,0.2026
16.6920,0.3799
17.8986,0.1624
15.9297,0.6283
15.7636,0.5166
17.3197,0.4191
16.0420,0.4623
16.1254,0.5871
16.4268,0.3249
16.0014,0.6982
16.7729,0.6658
15.5383,-0.1340
16.6802,0.3862
16.3330,0.0963
15.8658,0.4802
15.7018,0.2708
15.0980,0.6960
16.0728,0.6049
15.8416,0.1228
16.0091,0.6879
16.6425,0.4118
16.6595,0.5355
15.9953,0.6492
16.1742,0.4283
17.3428,0.5869
16.9864,0.2779
16.7516,0.6001
16.4998,0.8601
15.1008,0.5373
15.3269,0.6487
15.7485,0.5855
16.5982,0.4548
15.9660,0.0949
17.0497,0.1909
13.9165,0.5460
17.6952,0.3576
15.3894,0.4648
17.0482,0.8630
15.5099,0.8551
17.4937,0.7190
16.2903,0.6262
17.4482,0.2765
16.4906,0.4683
16.9197,0.4101
17.3420,0.2322
15.8830,0.4679
17.4765,0.2605
17.3130,-0.0181
16.9330,0.4252
17.2983,0.4276
17.3322,0.2342
17.4863,0.3543
15.9346,0.7424
16.9400,0.4970
17.3787,0.5869
16.5252,0.5304
16.9876,0.4915
17.5718,0.7283
18.1506,0.5827
16.8986,-0.3849
15.5022,0.5604
18.1328,0.2756
16.2722,0.3990
17.5288,0.3391
18.3461,0.6027
16.6434,0.4164
17.0891,0.4172
17.4740,0.6095
18.0530,0.5113
16.0194,0.2997
17.7992,0.6882
18.1893,-0.0930
15.4689,0.5481
15.7337,0.1673
16.7650,0.4646
18.4294,0.3180
16.7807,0.2511
15.9018,0.6991
18.3132,0.4866
16.2026,0.3809
18.4061,0.0294
16.9470,-0.0011
18.4573,0.5219
17.2520,-0.1038
17.3806,0.0828
19.1888,0.4011
16.5081,-0.1940
17.5682,0.1416
17.4941,0.3634
17.8618,0.3686
18.0364,0.2060
17.7318,0.0925
17.3338,0.0757
17.3596,0.2975
18.5677,0.8274
18.5762,0.5225
17.1465,0.8988
18.5839,0.9578
17.0053,0.4070
18.0184,0.2016
19.0618,0.1379
17.8481,0.5507
18.3086,0.7190
17.9618,0.3932
19.3874,0.0932
18.2141,0.1730
18.1354,0.5629
17.5345,0.5719
17.5673,0.7556
18.3869,0.8196
18.6481,0.4218
18.4760,0.3940
18.1817,0.6067
18.5260,0.4096
18.5929,0.8219
18.1772,0.4799
17.4345,0.6145
18.6310,0.2324
15.8443,0.5185
16.9579,0.2585
17.2908,0.4391
17.8481,0.1079
18.6849,0.2671
18.4310,0.2723
17.5179,0.9124
16.7055,0.7341
17.1442,0.1618
18.3612,0.2230
18.4050,0.4269
16.7169,0.0685
17.2528,0.7804
18.9735,0.6246
17.6049,0.3652
18.0947,0.0537
19.5998,0.7603
16.6482,0.2936
19.7944,0.6810
19.3682,0.4045
18.6433,0.6918
19.1022,0.2418
18.3526,0.5115
18.3438,0.2657
19.0386,-0.0064
18.4980,0.2831
19.9473,0.3507
18.6372,0.0984
19.4715,0.1283
18.2499,0.5389
17.3460,0.8947
18.3409,0.6509
18.0063,0.2818
19.1095,0.5593
17.9619,0.5477
19.8302,0.6120
19.3071,0.4139
18.4301,0.8087
17.5498,-0.0262
19.3700,0.5730
18.9956,0.3721
17.8683,0.3549
17.4396,0.6226
17.9724,0.5222
19.2978,0.6740
19.3023,0.0562
18.3712,0.3727
18.4069,0.5086
18.3459,0.6810
19.0789,0.5455
19.6321,0.3804
18.8053,0.4850
17.8802,0.5591
19.2765,0.4703
18.8644,0.5587
19.4836,0.3746
18.4818,0.5911
18.4515,0.2459
19.3165,0.8773
19.1075,0.7574
19.6742,0.2015
19.7785,0.0419
19.7271,0.4372
19.1674,0.3842
18.6892,0.5932
18.5375,0.2868
19.1711,-0.2639
18.1194,0.3254
20.9353,0.5878
20.0465,0.2086
18.4559,0.4300
17.2182,0.2960
17.3265,0.2613
19.8782,0.4067
19.0048,0.6110
20.7308,0.6620
19.8044,0.2264
19.5824,0.3024
18.3314,0.2315
19.6731,0.2052
18.5429,0.1463
18.3662,0.8379
19.7363,0.3382
19.2873,-0.4769
20.6221,0.1722
19.4065,0.4309
19.0524,0.5345
19.5868,0.5940
20.6996,0.4679
19.8442,0.3391
19.1687,0.6164
19.7319,0.3275
19.3217,0.3640
20.2240,-0.1623
20.8762,-0.0577
19.4600,0.7118
20.4374,0.4777
20.9008,0.5659
21.0629,0.1420
17.7478,0.0972
19.3782,0.4783
19.7194,0.4553
17.9064,0.3113
19.8979,0.5337
19.5420,0.5878
19.3964,0.4421
21.2484,0.6509
19.3453,0.5935
19.4241,0.4052
20.9932,0.2808
20.7438,0.1423
19.9089,0.6846
20.0227,0.0842
19.6881,0.4333
21.0486,0.2852
20.1069,0.3801
19.6024,0.6128
20.7702,0.0733
19.3358,0.5226
20.3812,0.2369
19.5790,0.4976
19.2959,0.3214
20.7907,0.2045
20.7061,0.2111
19.7284,0.4303
20.3917,0.2073
19.4713,0.5671
19.3622,0.3806
19.7627,0.1090
20.1598,0.2651
19.0142,0.2937
18.7790,0.4808
20.6058,0.3745
20.6644,0.5724
19.6679,-0.0014
20.8433,0.4366
19.8233,0.0022
21.3617,0.5473
19.1983,0.1893
21.2064,0.0354
19.9261,0.2134
21.0573,-0.0085
19.6284,0.0623
19.9385,0.3354
19.5546,0.7378
20.0561,0.0317
20.3838,0.1632
21.5625,0.3191
20.0428,0.3189
20.5662,0.2079
20.4050,0.2784
20.1509,-0.0938
20.5184,0.4184
21.2050,0.2369
20.0111,0.2399
19.2893,-0.3392
20.7744,0.2804
21.1530,0.1086
21.5062,0.0401
21.7406,0.3055
21.0719,0.0355
19.5418,0.1454
19.9356,-0.2588
19.1827,0.3021
19.6289,0.2272
21.1086,0.2699
19.0441,0.3422
20.8873,-0.0445
20.6750,0.0755
19.8346,0.1967
20.5476,0.5811
21.0822,0.1696
20.8215,0.2451
21.2200,0.3071
20.3009,0.5334
21.3958,0.1412
19.7420,0.1806
20.1005,0.2461
20.7196,0.4178
20.3484,0.0984
19.8865,-0.0680
20.4641,0.1698
21.3155,0.3270
22.1018,-0.1119
21.0186,0.7164
22.5735,0.2527
21.6296,0.1853
21.1698,0.7452
20.6856,0.0511
20.2871,0.2485
20.9119,-0.0564
21.1235,0.3597
22.3578,-0.1482
21.5978,0.0367
22.5835,0.1707
21.5010,0.2723
20.3473,0.4563
22.4197,0.1172
20.3071,0.2712
21.0407,0.1511
23.4941,0.3569
21.6821,-0.0299
21.8365,-0.1248
20.3181,0.5589
21.9294,0.2426
21.0050,-0.2522
22.5221,0.1483
20.4870,-0.3105
20.7593,0.4470
21.7114,0.1330
20.2975,0.2870
21.1597,0.1913
20.9878,-0.1899
21.2320,0.3772
20.4867,0.2734
22.0402,-0.1564
22.5198,0.3892
20.5694,0.3512
20.9048,0.0715
22.6375,-0.0915
21.1012,-0.5378
22.5563,0.7340
20.0962,0.2898
21.6623,0.2772
21.9819,0.1287
22.2073,0.5829
21.0765,0.3117
21.3443,0.0680
21.8751,0.0057
21.5044,0.1641
22.2833,0.1845
21.5916,0.0503
20.6693,0.2983
20.5677,0.0020
21.0893,-0.1823
21.1584,0.0151
22.4265,-0.6197
21.3082,0.0192
21.0986,-0.0403
21.8479,0.0988
20.8757,0.0613
21.7388,-0.1210
21.0789,0.0781
20.4377,0.3015
21.6451,-0.1947
21.9430,0.4043
22.0630,0.5465
21.8649,0.3185
22.2861,0.2988
21.9040,-0.0053
22.4190,0.2423
23.2224,0.2488
21.2729,0.3092
20.6512,0.3489
21.8141,-0.0369
22.1595,0.1931
22.3789,-0.2291
21.0094,-0.2207
23.1844,-0.0270
20.9987,0.3899
24.3264,-0.2767
22.7104,0.2965
22.1270,0.4113
21.9764,0.3030
23.1283,-0.1842
21.7004,0.0258
21.8230,0.5717
21.5495,0.0206
23.2005,-0.1733
22.5032,0.0154
21.4652,0.0437
22.5599,0.0837
21.9951,0.2229
23.1111,-0.4521
22.7797,0.1715
23.0553,-0.1445
22.5098,0.2617
22.5343,0.2738
22.6127,0.0541
23.2179,0.0713
20.9566,0.3745
22.2343,-0.3097
23.4576,0.4261
22.3142,-0.0470
21.5896,0.0227
21.6705,-0.1241
23.1003,0.0421
22.1642,-0.2246
23.4100,-0.3668
22.4537,0.0739
23.3760,-0.2372
21.9477,-0.0485
22.4602,-0.0778
23.8473,-0.5584
22.9707,0.2946
22.0291,0.1505
22.9364,0.0022
21.5766,-0.1300
22.3962,0.0370
22.2003,-0.0227
24.2219,0.3824
21.5651,-0.2116
23.3392,-0.0753
24.2240,-0.1492
21.6392,-0.1204
24.2016,0.3206
23.6535,-0.2179
22.4967,0.0327
22.2232,-0.0534
23.0978,0.1608
23.1088,0.1548
23.8328,-0.4842
23.7103,-0.0167
23.0455,0.1866
22.7967,-0.2501
23.2388,0.3604
22.7647,0.0639
21.8095,0.0331
24.0078,0.0806
23.6168,-0.0791
22.6196,0.0526
23.6121,-0.3930
21.7487,0.0822
23.2748,0.1281
24.8672,-0.0891
21.5997,-0.2222
23.8045,-0.0942
23.0718,-0.0692
24.2720,0.6728
23.8815,-0.0400
23.5269,-0.0308
23.1021,0.0643
24.1405,0.2825
23.5872,-0.0236
23.4081,-0.0552
23.6568,0.4897
23.3963,-0.1101
23.3893,0.7531
24.5651,0.3294
24.3737,-0.3682
23.1961,-0.3620
23.4018,0.2826
23.0755,0.2167
23.7999,0.0263
23.6410,-0.2334
21.8882,-0.2023
23.0857,-0.1453
24.3132,-0.2206
23.2707,-0.0721
22.5573,0.0610
23.2204,-0.2599
21.1927,0.1103
24.7717,-0.3581
23.3999,0.3291
23.3354,-0.3324
23.9358,-0.2047
23.9235,-0.2531
23.8897,-0.0631
22.6260,-0.1317
22.6993,-0.0593
24.4800,0.2710
23.9296,-0.2627
24.9090,-0.1067
23.4635,-0.1071
23.5324,-0.0706
24.2382,-0.1048
23.3740,-0.1606
22.6409,0.2886
23.7572,0.0113
23.2255,-0.2926
25.0207,-0.7444
23.1212,0.2459
23.6612,0.1760
22.0768,-0.0947
24.8391,-0.3540
21.9085,0.2601
26.2562,0.0660
24.6680,0.0632
22.6139,-0.2162
23.7217,-0.0404
25.0532,0.1424
24.8025,0.0875
24.5690,0.3300
23.7365,0.2556
23.4932,0.1850
23.6674,0.2146
25.2153,0.1365
23.8847,0.0205
23.7867,0.0146
24.2505,-0.0326
21.6127,-0.1576
25.7847,0.2126
24.2648,0.5402
24.7430,0.2014
23.3236,0.0148
24.1321,-0.1494
25.6279,0.1068
23.7437,0.2147
24.1612,-0.3014
24.6868,0.2394
24.3971,0.1104
23.7150,0.1452
25.0176,-0.4637
24.5705,-0.0710
24.0897,0.1420
25.6875,0.1346
24.9431,0.0713
24.1435,0.1036
25.2104,0.0327
23.1561,0.1216
24.5828,-0.1277
25.5043,-0.0343
25.3828,-0.0493
25.2763,-0.4099
23.5336,-0.3843
25.8502,-0.3348
24.5885,-0.2077
24.5220,0.3896
23.3494,-0.4555
24.7548,-0.1307
23.1394,-0.3804
24.4798,0.2944
24.0989,0.0068
24.5850,0.1512
24.4666,-0.7285
24.4003,-0.2268
25.1994,0.2364
24.0263,0.1365
24.7853,0.1794
25.5746,-0.1899
26.3582,-0.0580
24.5079,0.4499
23.5216,-0.4507
24.4441,0.3807
26.5464,0.0171
25.2339,-0.2289
25.2808,-0.2939
24.1749,-0.2214
23.6095,-0.3145
24.0928,-0.1932
24.6375,0.0818
25.2124,-0.1525
25.3788,-0.1705
24.0174,-0.1017
25.8644,-0.0186
25.0893,0.1983
25.9074,-0.2398
25.4882,-0.1884
24.2160,-0.1467
25.7933,0.0536
25.9003,-0.2454
26.4457,0.1013
24.9711,0.0237
25.2964,-0.0311
26.4885,-0.1564
25.2937,0.1320
25.1796,0.0695
25.1046,-0.1245
25.2405,0.0007
26.1189,0.4505
25.5237,0.0263
25.8905,-0.4078
26.2983,-0.1174
25.0199,-0.0199
26.6596,0.2174
24.0455,0.2126
25.3664,0.3041
25.0436,-0.1752
24.7075,-0.0070
25.0957,0.1343
25.9907,0.3382
26.8421,-0.0848
25.2135,0.0362
25.8031,-0.4732
24.2885,-0.0205
25.1583,-0.1458
25.4702,-0.0904
25.0494,-0.0249
25.1279,0.2165
24.9551,-0.0551
25.2274,-0.0701
24.9422,0.5130
25.8455,-0.3348
25.4080,-0.0789
26.0180,0.1310
25.0984,-0.4141
25.4053,-0.3579
25.5624,-0.3869
25.7436,-0.2125
27.1075,-0.1614
24.9495,0.2411
24.8274,-0.0584
26.6674,-0.3758
26.0142,-0.1135
24.8850,0.1725
24.8860,-0.1327
26.3658,-0.3610
25.7044,0.5770
24.8050,-0.2200
26.1106,-0.0263
27.0351,0.1851
26.7712,-0.0350
26.0186,-0.1934
26.3728,0.0579
26.8873,0.2921
26.3507,0.4809
26.8318,-0.2163
26.6386,-0.1049
27.1852,0.3417
26.4878,-0.1699
25.9867,0.0991
25.5730,-0.1849
24.9898,0.1590
25.8699,0.0777
26.0119,0.0618
25.3673,0.0650
26.5679,0.3805
25.9449,-0.0144
25.6181,0.4590
26.3063,-0.2591
26.4649,0.1074
26.1279,-0.2346
25.9783,0.0713
25.7356,-0.0666
26.3616,0.3377
26.5658,0.1033
26.1802,-0.1557
26.7865,0.2763
26.4539,0.0125
27.9869,-0.2639
25.4497,0.0707
26.1914,-0.1384
26.5750,0.2119
26.3226,-0.1132
26.2375,0.3292
27.5816,0.2884
27.2183,0.1549
26.3490,0.0792
27.0177,0.1049
27.2465,0.2139
27.1744,-0.1666
25.2405,-0.4042
26.1564,0.1034
25.9184,-0.0157
25.6147,-0.0458
26.4973,0.1186
28.3416,0.2446
25.6992,0.3725
26.5322,-0.1005
27.4158,0.1800
27.5053,0.2731
26.1076,0.3662
26.6392,0.4765
26.7887,-0.1352
27.3511,0.0903
26.4576,-0.2796
26.5325,-0.2940
27.4517,0.0258
26.9490,0.4265
25.6915,-0.0377
28.1080,-0.2532
26.4657,0.2688
26.7365,-0.0492
27.4627,0.0599
26.5555,0.2434
26.3321,-0.0781
26.8965,0.2353
27.1749,0.3325
26.2151,-0.5373
27.7516,0.5757
26.7177,0.3421
26.6447,0.0190
28.0190,-0.2759
26.1164,-0.2193
27.7155,0.0125
27.7920,0.3432
26.9274,-0.1958
27.1242,0.1907
27.8407,-0.1523
27.0223,-0.0652
27.0764,-0.2797
29.0575,0.0748
28.6954,0.3169
27.3904,0.1232
27.1709,0.0964
27.6222,0.1037
25.4026,-0.1009
28.1419,0.2951
27.3542,-0.1520
28.3446,0.4514
27.3811,0.4783
27.8376,-0.3353
27.8431,-0.0826
27.4878,-0.0446
27.7329,0.0813
27.2372,0.5769
27.6546,0.3632
26.6072,0.4421
27.3739,0.1325
27.1177,-0.2626
28.4777,-0.2265
27.4332,0.3390
27.5848,0.0581
27.0938,-0.0857
27.0548,0.3306
28.1045,-0.0058
26.6986,-0.1292
28.0238,-0.2548
28.1629,0.0048
27.8126,0.0831
26.7700,0.2453
28.7967,0.1553
27.9879,0.0464
26.0045,0.1989
27.6581,0.1354
28.3572,-0.2125
26.6616,0.2067
28.4096,0.1578
27.2395,-0.1505
28.5434,0.3167
28.2082,-0.0562
26.7267,-0.0025
28.1073,-0.0249
27.0468,-0.0616
26.3716,0.3927
28.0871,-0.4388
28.3461,-0.0088
27.3508,-0.0543
28.8787,0.0315
27.3194,-0.1759
28.2113,0.0375
27.2576,-0.1691
28.1614,0.1865
27.6107,0.3742
27.5592,0.3312
28.8940,0.0711
28.0624,-0.0185
28.3624,-0.0591
28.9653,0.1661
28.6088,-0.0048
27.1676,0.0209
26.5614,0.1469
28.9799,0.1088
28.9829,0.0410
29.0371,-0.1506
27.7975,-0.1331
30.4336,-0.3111
28.5356,-0.0203
28.1046,0.0977
27.4923,0.0764
29.5577,0.3220
28.5046,-0.1065
29.4425,0.3397
27.8502,-0.0340
29.5613,-0.2814
28.6603,-0.1708
26.4057,0.0459
28.0614,-0.1688
28.8978,0.5120
28.5242,-0.2898
29.1242,-0.1148
28.1784,0.3915
27.9523,0.2861
28.8850,-0.2544
29.4505,-0.3145
28.7649,-0.0457
28.8956,0.3692
28.2459,0.0908
29.4357,-0.2739
29.7175,-0.0409
27.6551,-0.1300
29.5379,-0.1315
28.3858,-0.0906
28.9757,0.5030
28.6064,-0.3516
27.7459,0.3168
29.7013,0.4656
29.7423,-0.2406
29.3358,0.2819
28.0536,0.0200
28.8504,0.1752
28.8163,0.3922
28.9138,0.1471
28.9768,-0.2528
29.4234,0.5420
28.8245,-0.2779
28.2639,-0.0329
28.6336,0.0695
29.0593,-0.3849
29.4686,0.5701
28.0962,0.3325
27.2213,-0.2045
28.2934,-0.0246
29.1581,0.0214
29.9055,-0.0344
29.6885,-0.2467
27.4443,-0.2103
29.6185,-0.2844
29.3434,-0.2085
29.2751,-0.1124
27.2401,-0.0201
29.8878,0.2854
29.1166,0.0850
28.5893,0.3649
28.2781,0.1805
30.0414,-0.2311
28.2016,0.1987
30.3505,0.1783
28.7242,0.1069
30.1642,-0.1195
30.0375,-0.0994
28.8273,-0.1279
28.2198,-0.1506
30.2668,0.2799
28.3454,-0.4500
29.9067,0.1534
28.9386,0.0328
29.6676,-0.2109
29.7428,0.0479
29.9010,-0.3346
29.0389,0.0898
29.9884,-0.2561
29.6296,0.1873
29.0593,0.0331
29.7682,-0.3324
30.2330,-0.2387
29.2437,-0.1067
28.3174,-0.1464
29.8419,-0.1353
29.5161,-0.3107
29.2053,-0.1781
29.4000,-0.5025
30.8246,-0.0253
29.8381,-0.2090
29.0141,-0.1576
28.7911,-0.1026
30.4010,-0.0306
30.9308,0.2183
29.6973,0.1608
28.9845,-0.0536
29.1908,-0.1740
28.7262,-0.0480
28.6477,-0.1304
29.3012,-0.0729
29.6755,-0.2763
29.8327,-0.2440
28.5089,-0.5923
30.0507,0.0257
30.7863,-0.5243
29.5043,0.2985
31.3671,0.0434
29.7072,-0.3186
31.0116,0.0151
30.1554,0.0530
31.0710,0.2062
29.7731,0.0578
30.2307,-0.1807
29.6416,-0.2643
30.0348,-0.2089
29.1116,0.3211
30.7745,-0.1077
30.3989,-0.0677
30.2140,-0.3268
30.5130,0.3164
29.5153,0.0124
30.0624,0.0665
30.0529,-0.2287
29.2906,-0.4470
30.5020,0.0087
30.5887,0.0057
29.9714,-0.4275
31.0770,0.4049
31.0175,-0.1436
31.3116,0.1674
30.0416,-0.6021
29.9661,-0.3136
29.9413,-0.1795
30.8995,0.1603
29.2837,0.0881
30.5706,-0.2024
29.7443,-0.2037
29.4179,0.2723
30.5348,-0.0104
29.0532,0.4569
29.0556,-0.4035
28.9897,-0.1461
30.6333,-0.3954
30.7023,-0.0663
30.6345,-0.1818
29.9295,-0.4756
29.9995,0.1353
29.8902,-0.2362
30.6249,0.7088
30.6113,-0.5266
30.7226,-0.0926
30.0532,-0.5759
30.7442,0.3310
30.9394,0.0789
30.4463,-0.1516
29.6284,-0.1480
30.2272,-0.1090
29.3891,-0.1501
31.7769,-0.5268
29.7001,0.1506
31.4903,-0.0832
30.7969,0.0648
30.7139,0.2645
30.9664,-0.2364
30.7057,0.1319
30.2359,0.2766
29.5457,-0.4048
31.6161,-0.2061
30.2185,-0.3211
31.5022,-0.4914
29.9827,-0.3777
31.5602,-0.2150
30.8291,-0.0657
32.6485,-0.0383
32.5159,0.2213
29.8278,-0.6050
29.9897,-0.6148
30.6809,0.2570
32.7562,-0.2799
30.0133,-0.4956
30.5994,-0.2291
31.7477,0.0770
31.2615,-0.0228
32.1140,-0.1187
31.8706,-0.3304
31.2881,0.1476
31.5341,-0.3532
30.4627,-0.2752
32.0549,-0.8854
31.1321,-0.0585
32.1747,-0.0022
30.9277,-0.2443
31.9841,-0.2871
31.2897,-0.4365
29.8042,0.0699
32.3265,-0.1054
31.6803,-0.0001
31.7704,-0.5476
30.3072,-0.1508
31.8785,-0.1366
31.8386,-0.0535
31.3000,-0.3878
33.0836,-0.3556
31.3906,-0.2282
30.9546,-0.2535
31.1513,0.3632
32.9142,-0.4665
31.7940,-0.4871
31.8335,0.1983
30.3265,-0.1479
30.2839,-0.4732
31.3402,-0.1980
32.3677,-0.0530
31.1044,-0.0417
31.9169,-0.4492
32.4093,-0.2490
31.9559,-0.5892
32.1921,-0.7902
30.0082,-0.0787
31.1833,-0.2943
32.9987,-0.4038
30.9586,-0.4441
31.4190,-0.0424
32.2159,-0.0709
32.1567,-0.4607
33.1720,-0.6732
31.3038,-0.1143
30.5258,-0.3720
32.8675,-0.4983
31.9837,-0.1858
31.8973,-0.5500
31.8416,-0.4377
30.6491,-0.1200
32.4174,-0.4731
31.9590,-0.2179
32.1904,-0.6527
31.6595,-0.7254
31.9305,-0.2290
31.9332,-1.2974
31.9285,-0.3493
32.2642,-0.3044
31.9308,-0.2026
32.0439,-0.6425
32.7014,0.1281
32.8159,-0.0657
31.1448,-0.0233
33.4603,-0.4740
33.5192,-0.1820
31.3015,-0.1489
32.2820,-0.4456
31.3417,-0.4775
33.2167,-0.3649
33.0752,-0.6845
31.7878,-0.1231
32.5132,-0.2962
34.3584,-0.4404
32.7636,-0.0255
32.8945,-0.2685
32.2964,-0.2118
32.6959,-0.4386
32.6037,-0.1121
31.3693,0.2691
33.0356,-0.8550
32.7921,0.2579
32.0791,-0.6889
32.9789,-0.5069
32.4669,-0.5374
33.2104,-0.3134
32.4232,-0.5692
32.3924,-0.1966
33.4508,-0.1450
32.6814,-0.3509
33.2217,-0.3786
32.0286,-0.3863
31.9325,-0.6354
32.8652,-0.1276
31.6670,-0.3024
31.3490,-0.1017
32.6841,-0.2742
33.1029,0.0110
31.8594,-0.3878
33.2942,-0.5299
33.5288,-0.5737
32.4250,-0.5100
32.7481,-0.6478
33.4050,-0.3275
32.6826,-0.5002
33.1925,-0.5287
31.8729,-1.0717
32.1970,-0.7544
31.5339,-0.4800
32.9034,-0.3664
31.2290,-0.0741
33.0471,-0.8198
32.9913,-0.6101
32.4048,-0.0346
32.1730,-0.6043
31.8059,-0.4011
32.8220,-0.3663
32.6017,-0.3951
32.4746,-0.1612
33.0767,-0.4172
33.6851,-0.4562
33.9984,-0.6421
31.4566,-0.7752
33.0943,-0.1614
33.6771,-0.4035
33.7704,-0.5797
33.7339,-0.6743
34.3337,-0.4373
33.8177,-0.5801
32.5784,0.4768
34.2230,0.1189
32.3794,-0.2977
33.6032,-0.0617
33.8079,-0.3011
34.8787,-0.6966
32.3519,-0.2188
33.6252,-0.3931
32.7368,-0.7066
32.9806,-0.0757
33.1764,-0.5332
34.1549,-0.2381
34.3563,-0.3886
33.2362,-0.6717
32.2606,-0.6233
33.2720,-0.7409
32.7900,-0.8611
32.7097,-0.0586
33.8072,-0.0370
34.0550,-0.5438
34.4043,-0.0225
33.9739,0.0588
32.7341,-0.6468
32.6755,-0.1625
35.3644,-0.4775
33.8179,-0.6528
33.2537,-0.2685
33.9034,-1.0554
34.4761,-0.4182
33.4863,-0.5340
33.1236,-0.5083
33.9694,-0.6690
33.9805,0.0180
33.0154,-0.8304
34.5787,-0.1122
33.0174,-0.9116
33.9008,-0.4302
34.1141,-0.8708
33.6834,-0.8666
33.2261,-0.5247
33.4856,-1.0720
32.8134,-0.4365
34.0803,-0.3215
35.1024,-0.5118
34.4412,-0.2776
33.6833,-0.1786
35.1634,-0.1332
35.4268,-0.0351
34.7325,-0.8014
33.7724,-0.4250
34.0890,-0.6511
33.9916,-0.5711
33.8070,-0.3420
33.7685,-0.4805
34.0200,-0.1526
34.0390,-0.4157
33.3594,-0.1638
33.1090,-0.3552
32.8974,-0.5201
34.8563,-0.4098
35.0899,-0.8706
34.9959,-0.5390
34.3880,0.0267
33.8584,-0.1005
34.0454,-0.9762
34.2454,-0.4441
34.8760,-0.6554
33.9129,-0.7043
35.2193,-0.3037
34.0878,-0.2666
35.2745,-0.2811
34.0079,-0.4643
34.2231,-1.0817
34.1187,-0.5271
35.4715,-0.5341
32.7580,-0.4836
34.3103,-0.5239
33.9440,-0.1850
35.0087,-0.2567
34.1372,-0.5834
34.0267,-0.9507
34.7859,-0.1278
35.0379,-0.3189
33.1051,-0.2025
34.0831,-0.8134
34.3757,-0.7206
34.6574,-0.5153
33.9472,-0.6429
34.5387,-1.0543
33.7080,-0.5311
35.4913,-0.6318
33.9679,-0.3757
34.3357,-0.2352
34.8584,-0.5964
35.3768,-0.3566
34.2083,-0.4877
33.5250,-0.5423
35.6481,-0.3174
35.6349,-0.2546
35.9285,-0.2089
34.6152,-0.3134
36.1709,-0.1501
32.9858,-0.5884
35.5604,-0.7687
35.3467,-0.3805
33.7387,-0.5629
35.1628,-0.4560
36.2565,-0.6508
34.9450,-0.8148
33.6170,-0.6097
35.4541,-0.3343
34.1586,-0.1010
33.5165,-0.0054
35.1420,-0.0309
34.4520,-0.2811
34.6726,-0.4882
36.4758,-0.0406
34.2880,-0.5986
35.7916,-0.4342
35.9856,0.1164
34.0407,-0.7267
34.8224,-0.8358
34.8082,-0.6167
35.6214,-0.1422
34.7576,-0.2888
34.7763,-0.2140
34.4613,-0.0038
35.2095,0.0219
35.4573,0.0705
35.1860,-0.7998
35.8433,-0.3713
34.9740,-0.1018
34.3104,-0.4918
34.9684,-0.3177
35.1613,-0.6120
35.0293,-0.7109
34.3048,-0.3399
34.5946,-0.5765
35.8054,-0.3944
36.9288,-0.0653
35.6356,-0.4782
36.9350,-0.7540
35.4558,-0.5098
36.4411,-0.4413
36.0687,-0.6259
33.7759,-0.1415
36.3704,-0.7272
35.2034,-0.3079
35.3137,-0.1397
34.9774,-0.7685
36.1077,0.0374
35.5183,-0.3712
35.6407,-0.3185
36.3480,-0.4689
36.0909,0.2846
35.4027,-0.4212
35.3999,-0.1763
37.7243,-0.2683
35.4114,0.2600
35.0411,-0.1393
36.8067,-0.3164
36.2436,-0.2518
36.8492,-0.3762
35.2867,-0.5014
36.0659,0.2698
35.5775,-0.5769
35.9952,-0.0257
34.2590,-0.0758
36.0415,-0.3887
36.6656,-0.0330
36.1656,-0.0337
36.4896,-0.8454
35.7838,-0.2657
36.7825,-0.6608
35.9069,-0.9176
36.5434,-0.6604
35.1680,-0.5603
35.4594,-0.4058
35.1787,-0.0487
36.3906,0.0128
36.3349,0.0288
37.7755,-0.3882
37.2189,0.3362
36.0111,-0.4765
36.2195,-0.0889
36.4827,-0.4874
36.1757,0.0633
36.6840,-0.3673
36.8902,-0.1490
36.4610,-0.2147
36.1230,-0.1626
36.7314,-0.3198
35.6009,-0.1193
36.3997,-0.3800
36.4181,-0.2687
37.3087,-0.1022
35.7035,-0.3785
36.1354,0.1560
35.0998,-0.6432
36.5029,-0.5454
36.5984,-0.1446
35.6421,-0.4010
36.8286,-0.2372
36.5930,-0.4537
36.7497,-0.0876
36.1631,0.0161
34.9025,0.0702
36.9799,-0.3872
36.5135,0.3168
35.6170,-0.1504
37.2292,-0.3319
36.4728,-0.4726
36.9819,0.1048
36.0617,-0.1814
37.1049,0.0398
36.2471,-0.4513
35.8685,-0.2854
37.5943,0.0879
36.2416,-0.5982
37.0429,-0.1881
37.0440,-0.4518
37.0135,-0.2034
37.4220,0.4505
36.3986,-0.4532
37.3129,-0.3838
37.8018,0.0379
36.7554,-0.3084
37.9861,-0.1976
37.0444,-0.0539
37.1727,-0.1814
37.3539,0.2828
36.1147,-0.0702
36.9472,-0.5221
36.6535,0.3146
36.8269,-0.3387
36.3276,-0.1369
36.5039,-0.2662
36.0604,-0.2891
38.2367,-0.1007
36.8291,-0.3628
38.2370,0.0065
37.8936,-0.2836
36.4194,-0.1595
36.4069,0.3568
37.9631,-0.0795
36.3050,0.0028
37.5008,-0.1089
38.4012,0.1563
37.1251,0.1103
38.8808,-0.2164
37.9488,-0.0019
37.7394,0.4307
38.1768,0.0147
38.8272,0.3353
37.8491,-0.0973
37.6254,0.2567
36.6146,0.0276
36.8520,-0.2029
37.6263,-0.7928
38.1354,0.6908
37.5735,-0.4210
36.2816,-0.4487
36.2305,-0.3287
38.0273,-0.2709
37.8440,-0.3935
38.3087,0.3849
38.0478,0.3017
37.8633,-0.3217
38.1439,0.0409
37.4586,-0.2898
36.8114,-0.4019
37.5530,-0.1527
37.2421,-0.4869
37.8677,-0.0710
36.6961,0.0823
38.2858,-0.2122
37.6868,-0.0108
37.4850,-0.3284
38.7816,0.1802
38.6686,-0.1261
38.0553,0.0754
37.4108,-0.2727
37.5103,0.3059
38.4536,-0.3285
37.5971,-0.1870
37.3795,-0.2339
39.4197,0.0081
38.2019,-0.0181
36.8186,0.2699
38.8027,-0.0888
38.1513,0.0509
37.5022,-0.2506
38.0248,0.3654
39.5383,0.0217
38.6415,0.1697
37.8658,-0.0678
38.9947,0.1485
36.8494,-0.4479
37.5963,0.0397
37.6762,0.3596
38.3160,-0.2427
37.4192,0.0814
37.3409,0.2331
38.1582,0.6970
38.5342,0.2786
36.8355,0.0302
39.5199,0.0244
38.9716,0.1168
37.8723,-0.0325
37.6005,-0.1522
37.8801,0.2185
39.3321,-0.2872
36.3784,-0.2812
36.5890,-0.0962
37.7086,-0.0578
37.6983,0.3815
40.2584,-0.1423
37.5878,0.1541
38.8529,-0.2189
39.0080,0.1382
38.8078,-0.3501
37.8729,-0.0018
38.9986,0.0778
38.0729,0.4913
37.6738,0.2208
38.3631,-0.1836
38.8553,0.2034
38.8002,0.2010
38.5506,0.5353
37.8980,0.1145
38.1754,-0.7116
37.6250,0.1594
37.9062,-0.0102
39.6757,0.0591
38.2523,0.5527
37.4157,0.6466
38.5930,0.1058
38.4142,0.3751
38.4450,0.2449
38.3801,0.6472
37.4491,0.1731
39.4137,0.3861
38.2536,-0.1839
39.1837,-0.1637
38.7786,-0.2079
38.9910,-0.2079
38.3806,0.2814
39.9474,0.1785
39.4508,0.4769
38.0451,-0.0978
39.7462,0.1135
38.6967,0.6234
39.1405,0.0117
38.8877,0.2048
39.5878,-0.0335
38.8880,0.3312
38.0939,0.1007
38.6903,0.1830
39.0778,-0.1292
37.6965,0.2519
37.8886,-0.0473
40.5275,0.0873
38.7613,0.3188
40.2310,0.4746
38.2254,-0.2880
38.4127,0.5538
38.2317,0.0870
38.7845,0.3025
38.1272,-0.4611
38.0887,0.2624
39.9290,0.3920
38.8420,0.3138
40.5800,-0.2039
38.3395,0.0110
39.1455,0.3632
39.5350,0.4397
38.5923,0.2327
38.6044,0.3135
40.3708,0.4951
38.8831,-0.1411
39.5003,0.1933
38.6802,-0.4279
38.2639,0.1644
39.5202,0.4517
40.4451,0.5675
40.4202,0.5040
40.0889,0.0369
40.5596,-0.1947
38.7056,0.0711
39.0316,0.5220
40.1508,0.3767
38.7347,0.1997
40.4396,0.2342
39.2614,0.5019
41.1766,-0.0659
39.6255,0.0723
40.0857,0.2969
40.0696,-0.0066
39.4224,0.5049
40.7960,0.5569
39.5607,0.2821
39.4968,0.2244
38.6559,0.3887
40.4637,0.1004
40.2884,-0.0422
38.0958,0.2298
39.3510,0.0526
39.8986,0.3110
40.7356,-0.1287
40.2807,0.1675
40.2604,0.4450
39.5721,0.1387
40.0442,0.1479
39.8049,0.4512
40.4130,0.5281
38.8485,0.3212
39.9942,0.6476
41.9517,0.2820
38.9682,-0.0255
40.5230,0.3508
40.4149,0.5029
39.8661,0.5938
39.8825,0.1129
41.2087,0.0107
39.4950,0.0225
39.3161,0.3090
41.3682,0.0558
39.3953,0.2954
40.5448,0.2491
39.4713,0.5268
40.3276,0.4192
39.6847,0.3241
39.3945,0.4925
39.3332,-0.0427
39.3626,0.4387
41.1677,0.1106
40.5521,0.1239
39.0424,0.1866
40.2211,0.5680
41.4416,0.4587
39.9081,0.1353
39.1910,0.6968
40.0198,0.3239
40.3514,0.3873
39.6171,0.4415
40.1553,0.8250
40.2163,0.0249
39.9793,0.3637
39.6321,0.1163
40.9640,-0.0311
39.7599,0.4349
40.9134,0.3398
40.0007,0.6584
41.1138,0.2005
40.8839,-0.0482
39.4660,0.1234
40.2049,0.1360
41.1716,0.7299
40.1937,0.3311
40.9613,0.3567
40.6341,0.2877
39.7821,0.3603
41.0448,0.2157
39.9362,0.2771
40.7800,0.1610
41.2240,0.1719
41.4896,0.2714
41.4606,0.2138
41.7889,0.2972
39.9280,0.3524
40.1811,0.1157
40.6138,0.0206
40.3122,0.1001
41.6647,0.3613
40.7646,0.1578
41.0070,-0.0484
41.7213,0.9080
40.0616,0.1821
41.2510,-0.1738
39.7220,0.5376
41.9286,0.5649
40.2282,0.6297
41.6475,0.6284
41.7522,0.4890
41.4748,0.5184
42.1693,0.2237
40.7151,0.7382
41.6348,0.3459
42.4817,0.7598
41.7460,0.3907
40.7686,0.6140
40.7123,0.4387
41.2947,0.4325
40.6957,-0.1157
40.3311,0.2871
41.3687,-0.0346
40.6178,0.0965
42.2205,0.4136
42.0736,0.1925
41.4357,0.3503
41.0131,0.5352
40.2669,0.2723
42.9615,0.1008
40.4353,-0.1347
41.0750,0.4080
41.1544,-0.0806
41.5986,0.6530
41.2993,0.4522
40.3970,0.5770
42.3909,0.3236
42.1371,0.1099
41.0289,-0.0538
40.4642,0.4408
42.4509,0.0483
40.8344,-0.2074
42.2273,0.3354
42.2357,0.6284
41.5273,-0.0191
42.4369,-0.0298
41.9090,0.3089
41.8182,0.4435
40.9540,0.1319
40.5128,0.5245
41.0143,0.4314
41.0878,0.3768
42.1947,0.1311
40.2663,0.4028
41.6993,-0.1346
40.5440,-0.0821
41.2168,0.5965
41.6910,0.8014
43.1402,0.3055
42.1715,0.1796
41.9151,0.2357
42.7164,0.3951
41.6885,0.1845
42.6589,0.7418
40.5392,0.5429
41.9039,0.1417
41.2125,0.4563
41.1755,0.2603
41.8573,0.5134
41.8141,0.1059
41.2111,0.3994
41.4306,0.2927
41.1350,0.8172
42.3989,0.4157
41.0117,0.1778
40.2788,0.2363
42.2857,0.4030
43.1589,0.1751
43.1974,-0.0714
42.1826,0.2745
41.1248,0.0504
41.7003,0.1035
41.6379,0.2461
41.6878,0.7891
42.1836,0.3028
42.1325,0.2642
42.8884,0.4455
41.4278,0.1482
42.5842,0.0485
41.7649,0.2980
41.8410,-0.2886
42.1596,0.5907
42.0088,0.0853
41.8387,0.5609
42.9539,0.2850
42.9769,-0.1237
43.1170,0.5233
43.5557,0.4766
41.4088,0.7303
42.3942,0.0656
42.4038,0.5597
43.7935,0.4322
42.0349,0.8452
43.3977,0.0078
43.2511,0.4599
44.1595,0.2477
41.9089,0.3733
41.9022,0.7016
42.9530,0.4357
42.0402,0.3995
42.1143,0.2496
43.6505,-0.0358
42.9863,0.3474
42.2717,-0.1496
42.8939,-0.0109
41.2479,0.0502
43.3980,0.3693
42.3703,0.5452
41.3445,-0.2076
43.2728,0.4645
43.4539,0.2355
42.8055,0.0980
41.8515,0.3949
42.9910,0.5874
42.8572,-0.0569
42.4979,0.3273
42.3495,0.6382
43.4320,-0.1207
41.5595,0.0363
44.7201,0.4197
42.2228,0.3188
43.1745,0.6071
43.2179,-0.4941
42.7141,0.2527
42.5959,0.0469
41.7485,0.8953
42.9506,-0.0504
43.1102,0.5517
43.2425,-0.2841
42.4466,0.4082
43.6538,0.0683
41.6845,0.1163
43.0808,0.0588
42.1902,0.1764
42.6940,0.5695
41.5393,0.4269
43.2236,-0.0276
42.8030,0.3416
43.5786,0.5869
43.4079,-0.2394
41.3015,0.3988
42.0939,0.2712
42.4779,0.3322
43.7320,0.2181
43.4413,0.2971
43.5877,0.4554
42.9605,0.2460
41.9514,0.3271
43.9049,0.7271
44.2556,-0.0701
44.2370,0.4928
43.9154,-0.0621
43.3612,0.1656
43.7249,0.5009
42.7744,0.1263
42.8090,0.5015
43.5628,0.1705
43.4411,0.3491
42.3608,0.3033
44.1199,0.2282
44.0633,0.4160
44.0397,0.0650
44.1797,-0.0156
42.9331,0.2501
43.4759,-0.4231
44.7085,0.5031
44.3893,0.5656
43.2855,0.4157
43.8164,0.1909
43.3441,-0.0850
43.8590,-0.0612
44.8707,0.5287
44.5765,0.1971
44.0174,0.4770
43.6153,0.3146
43.8591,0.1226
43.8376,-0.0396
43.7086,0.4979
44.0087,0.5631
44.4950,-0.0196
44.1526,0.0967
43.8293,-0.0267
45.7339,0.1319
44.5462,-0.0253
43.7364,0.1425
44.3482,0.3423
43.8399,0.4427
42.5754,-0.1352
43.6353,0.0865
43.5367,0.1463
44.8584,0.1821
42.7313,0.2225
44.5051,-0.0587
43.7382,-0.1017
43.5652,-0.2429
44.5824,0.1655
45.1517,0.2553
45.6131,0.2883
44.2294,0.0373
43.6844,0.0351
44.1411,0.8110
44.9308,0.6241
45.5686,0.1628
44.1277,-0.2745
45.2272,-0.0191
43.7044,0.3009
44.3790,0.2862
44.5222,0.5933
44.6579,0.2911
45.1399,-0.0096
45.1227,0.3042
43.0283,-0.2960
45.4990,-0.1222
43.7434,0.2279
43.7283,0.2059
45.0877,-0.0498
45.4955,0.2554
44.3746,0.3635
45.6032,0.3474
44.2013,0.0045
44.0679,0.1585
44.3747,0.3180
44.1618,0.2953
45.0285,0.3661
44.2263,0.0216
44.4693,0.1488
44.5876,0.6105
44.8085,0.0617
45.1038,0.2039
44.6569,0.0665
44.7945,0.0497
44.4256,0.3160
45.8535,0.2638
45.0400,0.9047
45.9278,0.0357
44.3358,-0.0263
44.2860,0.1021
45.0658,0.0299
44.4620,0.0288
42.9793,0.0145
45.3282,0.4906
45.2182,-0.0676
45.9039,0.4118
45.3034,-0.1931
45.4577,0.4071
44.6786,0.0827
44.8798,0.1966
45.2726,0.0668
45.2196,0.7233
45.1623,0.1622
45.4527,0.0902
46.2682,-0.1335
43.8682,0.3424
45.3513,0.1994
45.5650,-0.0875
44.3499,0.0465
44.9286,-0.0768
45.3793,0.2417
45.6768,0.0489
44.9273,0.1686
46.0196,0.0733
46.0187,-0.0204
46.3751,0.0371
45.7225,-0.1442
44.8550,-0.0240
45.7274,-0.0252
45.4347,0.0123
45.2573,0.4950
45.0326,0.4031
45.5143,0.1086
45.8761,0.1779
45.0415,0.6412
46.1234,0.1544
44.9855,0.5164
45.5181,0.3462
44.6483,0.0270
44.2980,-0.1795
46.0979,0.0465
45.0425,0.0375
45.0321,0.1618
46.0059,0.2034
46.8397,0.2783
44.7176,0.1052
43.6729,0.2109
44.8939,0.3352
45.1854,0.0433
43.5763,0.2916
45.4901,0.1660
46.5384,-0.1256
45.8404,0.4045
46.5426,0.1468
45.7803,-0.0559
45.6890,0.0257
46.5535,0.3475
46.2194,0.3687
45.6425,-0.0110
46.3994,-0.0008
46.1046,0.3788
45.9803,0.4103
47.7132,0.0084
45.4735,0.2662
45.6410,0.2678
46.0566,0.2002
45.8414,0.0173
46.0078,-0.1252
46.3227,0.3419
46.7046,-0.0676
46.8818,0.3735
46.2020,0.1645
45.5458,0.2381
45.7941,0.1406
45.2226,0.1065
45.8597,0.1814
46.0152,0.6654
44.5532,0.2876
46.3990,0.3740
46.2478,0.1221
46.6037,0.1340
46.9415,-0.0830
46.0269,0.5707
45.7724,0.1306
46.4568,0.2137
45.9577,0.2431
45.1503,-0.1198
46.3850,0.0883
45.7923,0.3086
46.6983,0.0120
47.7673,0.3639
46.5962,0.1419
47.2528,0.0225
46.7737,0.1289
45.5241,0.5682
46.5755,-0.1246
44.2997,0.0811
45.1611,-0.2519
45.8140,0.2830
45.5468,0.6853
46.3679,0.4287
45.3620,0.1605
46.5325,-0.1776
47.0649,0.1448
46.2116,0.5255
45.7350,0.1294
45.6142,0.1203
46.5147,-0.1516
46.3164,0.2664
45.1804,0.0654
46.6233,0.4231
46.5683,0.3328
46.9955,-0.1312
45.6737,0.5466
46.5332,-0.0505
46.0363,0.0825
46.2695,-0.2041
45.9873,-0.0694
47.6136,0.2353
46.4031,0.2290
46.1850,-0.0815
48.1176,-0.1507
46.4620,0.2459
46.1746,-0.2691
47.1762,0.5355
45.6853,0.4839
47.4336,0.3431
46.8990,0.7109
46.3781,0.1574
46.8142,0.4322
46.7476,0.4740
47.3721,0.2491
46.6360,0.3075
46.7250,0.3860
48.1594,-0.1998
47.0833,-0.0338
46.0499,0.5364
46.5410,-0.0632
47.5502,0.0590
47.1690,0.2081
46.2213,-0.2504
46.0650,0.3476
47.5611,-0.1517
47.6257,0.6175
45.8202,0.2543
47.6005,0.0967
46.5443,0.2106
47.0457,0.7091
47.9979,0.5316
47.7317,0.5305
46.4450,0.2127
46.2676,-0.0541
47.2970,0.3261
47.2475,0.4454
47.3063,0.1561
47.3032,0.1059
48.3337,0.6659
47.6393,0.3087
46.7656,0.6154
47.7101,0.3443
48.4267,0.6731
47.2679,0.2765
48.0779,0.2774
45.3253,0.1969
49.0451,0.5447
47.1827,0.2643
46.5002,0.4898
46.6013,0.2735
46.0260,0.1943
47.1722,0.3574
48.0557,0.3020
47.6850,0.2570
47.7349,0.3057
47.6584,0.6186
47.6923,0.3201
47.9328,0.2222
48.1673,0.5775
46.9293,0.5578
48.1324,-0.0822
46.4526,0.6507
47.2619,0.5323
47.2753,0.1884
47.9137,0.5923
47.5554,0.8670
47.2639,0.5158
47.6944,0.2690
47.5738,0.2904
47.7673,0.5765
48.0645,0.0995
47.7687,0.4665
46.6904,0.3063
48.3953,0.6035
47.5237,-0.1216
47.5137,-0.1595
48.0301,0.3900
48.9688,0.2120
48.5606,0.2719
46.9517,0.0746
48.6755,0.6603
49.0809,0.2645
49.1999,0.2543
49.1203,0.0155
48.6098,0.4273
47.3548,0.5663
47.9328,0.4419
47.5538,0.1219
47.0859,0.1780
47.5584,0.2765
46.2433,0.5547
47.5075,0.3759
47.9807,0.0756
47.8290,0.6397
49.0508,0.4837
48.3843,0.4255
48.0207,0.1439
47.0318,0.9159
48.9185,0.6060
47.4541,0.4690
47.7072,0.6042
48.2659,0.3798
47.7985,0.8485
49.1389,0.4421
47.0922,0.6631
48.2208,0.0460
48.2846,0.6441
49.4981,0.6625
50.1374,0.2938
47.0131,0.1150
48.8763,0.3491
49.6702,-0.0906
48.5896,0.6065
47.4965,0.3827
48.4957,0.2225
48.6391,0.5836
48.5477,0.3509
49.0479,0.7815
48.5887,0.0767
48.4056,0.1819
46.8039,-0.0140
48.1233,-0.3837
48.0472,0.7590
48.2780,0.3316
48.5726,0.6236
49.7477,0.4332
47.5703,0.1769
45.4823,0.0656
49.1369,0.0522
48.4567,0.0525
49.1941,0.2798
48.2879,0.1363
47.8907,0.3635
48.0832,0.0957
48.9282,0.5372
48.7961,0.7055
49.0128,-0.2071
49.1168,-0.0276
49.1492,0.4389
49.0575,0.6619
50.1359,0.5125
48.9996,-0.0773
48.1704,0.1995
47.6934,0.3691
49.1110,0.4216
48.8335,0.1965
49.3292,0.2306
47.8149,-0.1243
49.4096,0.3579
48.1689,0.3294
48.3509,0.2632
49.7222,0.3507
48.1525,0.8253
49.5244,0.4803
49.9959,0.1798
48.4324,0.4672
49.4478,0.3535
49.2741,0.2161
50.2222,0.7224
49.2205,0.0619
48.5727,0.2617
48.8596,0.3994
48.9898,0.5764
49.9024,0.0879
49.1383,0.1546
49.1043,0.0511
49.8015,0.0726
49.6880,0.2290
48.2528,-0.0810
51.0786,0.3169
47.8753,0.1838
49.6328,0.3242
50.7016,-0.0644
49.2198,-0.0082
50.0920,0.1767
48.8586,0.3726
49.6888,0.3237
49.3228,0.0349
50.2325,0.2116
49.5138,0.3228
49.8106,0.2773
48.6107,0.0504
49.4737,0.2703
49.3504,-0.3753
48.9566,0.2465
49.9480,0.0397
49.0890,0.5411
50.3020,0.4267
48.6677,-0.2399
50.0346,0.0954
49.7129,0.4939
49.2430,-0.1099
49.2819,0.4219
48.8455,0.5653
51.1213,-0.0109
49.4086,0.3690
50.5651,0.5439
48.6597,-0.4126
48.3089,0.7396
49.7736,-0.2643
48.8460,0.1919
49.4643,0.3219
48.7662,0.3268
50.8905,0.4328
50.0406,-0.4455
49.7009,0.1626
50.5404,0.3336
49.6707,0.3303
50.0138,0.3728
49.6356,0.2943
50.4089,-0.1920
